-8.0 9.85e-01 1.46e-02 4.51e-06
-7.9 9.83e-01 1.69e-02 5.99e-06
-7.8 9.80e-01 1.95e-02 7.95e-06
-7.7 9.77e-01 2.27e-02 1.06e-05
-7.6 9.74e-01 2.63e-02 1.40e-05
-7.5 9.70e-01 3.05e-02 1.86e-05
-7.4 9.65e-01 3.53e-02 2.47e-05
-7.3 9.59e-01 4.08e-02 3.27e-05
-7.2 9.53e-01 4.70e-02 4.32e-05
-7.1 9.46e-01 5.42e-02 5.69e-05
-7.0 9.38e-01 6.22e-02 7.48e-05
-6.9 9.29e-01 7.14e-02 9.82e-05
-6.8 9.18e-01 8.17e-02 1.29e-04
-6.7 9.07e-01 9.33e-02 1.68e-04
-6.6 8.94e-01 1.06e-01 2.19e-04
-6.5 8.79e-01 1.21e-01 2.85e-04
-6.4 8.63e-01 1.37e-01 3.71e-04
-6.3 8.45e-01 1.54e-01 4.76e-04
-6.2 8.25e-01 1.74e-01 6.16e-04
-6.1 8.03e-01 1.96e-01 7.96e-04
-6.0 7.79e-01 2.20e-01 1.03e-03
-5.9 7.52e-01 2.46e-01 1.33e-03
-5.8 7.24e-01 2.75e-01 1.71e-03
-5.7 6.92e-01 3.06e-01 2.19e-03
-5.6 6.59e-01 3.39e-01 2.82e-03
-5.5 6.23e-01 3.74e-01 3.62e-03
-5.4 5.84e-01 4.11e-01 4.64e-03
-5.3 5.46e-01 4.49e-01 5.91e-03
-5.2 5.02e-01 4.90e-01 7.62e-03
-5.1 4.61e-01 5.29e-01 9.68e-03
-5.0 4.16e-01 5.72e-01 1.25e-02
-4.9 3.72e-01 6.12e-01 1.59e-02
-4.8 3.29e-01 6.51e-01 2.03e-02
-4.7 2.87e-01 6.87e-01 2.59e-02
-4.6 2.47e-01 7.20e-01 3.29e-02
-4.5 2.10e-01 7.48e-01 4.18e-02
-4.4 1.77e-01 7.70e-01 5.25e-02
-4.3 1.46e-01 7.87e-01 6.64e-02
-4.2 1.19e-01 7.98e-01 8.35e-02
-4.1 9.52e-02 8.00e-01 1.05e-01
-4.0 7.56e-02 7.95e-01 1.30e-01
-3.9 5.77e-02 7.79e-01 1.63e-01
-3.8 4.43e-02 7.56e-01 2.00e-01
-3.7 3.35e-02 7.25e-01 2.42e-01
-3.6 2.49e-02 6.85e-01 2.90e-01
-3.5 1.84e-02 6.40e-01 3.41e-01
-3.4 1.31e-02 5.86e-01 4.01e-01
-3.3 9.33e-03 5.31e-01 4.60e-01
-3.2 6.49e-03 4.72e-01 5.21e-01
-3.1 4.41e-03 4.13e-01 5.83e-01
-3.0 2.97e-03 3.56e-01 6.41e-01
-2.9 1.98e-03 3.03e-01 6.95e-01
-2.8 1.30e-03 2.54e-01 7.45e-01
-2.7 8.47e-04 2.11e-01 7.88e-01
-2.6 5.43e-04 1.74e-01 8.26e-01
-2.5 3.45e-04 1.41e-01 8.58e-01
-2.4 2.16e-04 1.14e-01 8.86e-01
-2.3 1.34e-04 9.09e-02 9.09e-01
-2.2 8.21e-05 7.21e-02 9.28e-01
-2.1 4.99e-05 5.68e-02 9.43e-01
-2.0 3.00e-05 4.45e-02 9.55e-01
-1.9 1.79e-05 3.47e-02 9.65e-01
-1.8 1.06e-05 2.69e-02 9.73e-01
-1.7 6.27e-06 2.09e-02 9.79e-01
-1.6 3.67e-06 1.61e-02 9.84e-01
-1.5 2.14e-06 1.24e-02 9.88e-01
-1.4 1.23e-06 9.48e-03 9.91e-01
-1.3 7.01e-07 7.20e-03 9.93e-01
-1.2 3.92e-07 5.44e-03 9.95e-01
-1.1 2.15e-07 4.06e-03 9.96e-01
-1.0 1.16e-07 3.00e-03 9.97e-01
-0.9 6.06e-08 2.19e-03 9.98e-01
-0.8 3.11e-08 1.56e-03 9.98e-01
-0.7 1.58e-08 1.09e-03 9.99e-01
-0.6 8.64e-09 7.32e-04 9.99e-01
-0.5 5.80e-09 4.85e-04 1.00e+00
-0.4 3.89e-09 3.29e-04 1.00e+00
-0.3 2.56e-09 2.34e-04 1.00e+00
-0.2 1.65e-09 1.70e-04 1.00e+00
-0.1 1.05e-09 1.23e-04 1.00e+00
0.0 6.51e-10 8.55e-05 1.00e+00
0.1 3.52e-10 5.68e-05 1.00e+00
0.2 1.70e-10 3.58e-05 1.00e+00
0.3 7.27e-11 2.15e-05 1.00e+00
0.4 3.10e-11 1.35e-05 1.00e+00
0.5 1.42e-11 9.15e-06 1.00e+00
0.6 7.01e-12 6.55e-06 1.00e+00
0.7 3.60e-12 4.80e-06 1.00e+00
0.8 1.87e-12 3.54e-06 1.00e+00
0.9 9.62e-13 2.60e-06 1.00e+00
1.0 4.83e-13 1.89e-06 1.00e+00
1.1 2.35e-13 1.36e-06 1.00e+00
1.2 1.11e-13 9.60e-07 1.00e+00
1.3 5.02e-14 6.64e-07 1.00e+00
1.4 2.21e-14 4.50e-07 1.00e+00
1.5 9.29e-15 2.98e-07 1.00e+00
1.6 3.78e-15 1.94e-07 1.00e+00
1.7 1.51e-15 1.25e-07 1.00e+00
1.8 5.96e-16 7.93e-08 1.00e+00
1.9 2.34e-16 5.01e-08 1.00e+00
2.0 9.12e-17 3.17e-08 1.00e+00
2.1 3.62e-17 2.02e-08 1.00e+00
2.2 1.48e-17 1.31e-08 1.00e+00
2.3 6.33e-18 8.66e-09 1.00e+00
2.4 2.84e-18 5.87e-09 1.00e+00
2.5 1.34e-18 4.08e-09 1.00e+00
2.6 6.64e-19 2.90e-09 1.00e+00
2.7 3.43e-19 2.11e-09 1.00e+00
2.8 1.83e-19 1.55e-09 1.00e+00
2.9 1.00e-19 1.16e-09 1.00e+00
3.0 5.61e-20 8.81e-10 1.00e+00
3.1 3.20e-20 6.73e-10 1.00e+00
3.2 1.85e-20 5.18e-10 1.00e+00
3.3 1.08e-20 4.01e-10 1.00e+00
3.4 6.31e-21 3.12e-10 1.00e+00
3.5 3.72e-21 2.43e-10 1.00e+00
3.6 2.20e-21 1.91e-10 1.00e+00
3.7 1.31e-21 1.50e-10 1.00e+00
3.8 7.77e-22 1.18e-10 1.00e+00
3.9 4.62e-22 9.25e-11 1.00e+00
4.0 2.75e-22 7.29e-11 1.00e+00
4.1 1.64e-22 5.75e-11 1.00e+00
4.2 9.75e-23 4.53e-11 1.00e+00
4.3 5.81e-23 3.58e-11 1.00e+00
4.4 3.47e-23 2.82e-11 1.00e+00
4.5 2.07e-23 2.23e-11 1.00e+00
4.6 1.24e-23 1.76e-11 1.00e+00
4.7 7.43e-24 1.39e-11 1.00e+00
4.8 4.46e-24 1.09e-11 1.00e+00
4.9 2.68e-24 8.64e-12 1.00e+00
5.0 1.61e-24 6.81e-12 1.00e+00
5.1 9.72e-25 5.37e-12 1.00e+00
5.2 5.86e-25 4.23e-12 1.00e+00
5.3 3.54e-25 3.34e-12 1.00e+00
5.4 2.14e-25 2.63e-12 1.00e+00
5.5 1.29e-25 2.07e-12 1.00e+00
5.6 7.81e-26 1.63e-12 1.00e+00
5.7 4.72e-26 1.28e-12 1.00e+00
5.8 2.85e-26 1.00e-12 1.00e+00
5.9 1.73e-26 7.88e-13 1.00e+00
6.0 1.04e-26 6.17e-13 1.00e+00
6.1 6.30e-27 4.83e-13 1.00e+00
6.2 3.80e-27 3.78e-13 1.00e+00
6.3 2.29e-27 2.95e-13 1.00e+00
6.4 1.38e-27 2.29e-13 1.00e+00
6.5 8.35e-28 1.78e-13 1.00e+00
6.6 5.03e-28 1.38e-13 1.00e+00
6.7 3.03e-28 1.06e-13 1.00e+00
6.8 1.82e-28 8.19e-14 1.00e+00
6.9 1.09e-28 6.27e-14 1.00e+00
7.0 6.57e-29 4.78e-14 1.00e+00
